---
capacity: 65536
seed: 42
per_config:
  alpha: 0.6000000238418579
  beta_0: 0.4000000059604645
  beta_final: 1.0
  n_opts_final: 200000000
